2.200000000000000000e+02 0.000000000000000000e+00
2.210000000000000000e+02 2.011656761169433594e-05
2.220000000000000000e+02 0.000000000000000000e+00
2.230000000000000000e+02 2.011656761169433594e-05
2.240000000000000000e+02 0.000000000000000000e+00
2.250000000000000000e+02 0.000000000000000000e+00
2.260000000000000000e+02 0.000000000000000000e+00
2.270000000000000000e+02 -2.011656761169433594e-05
2.280000000000000000e+02 0.000000000000000000e+00
2.290000000000000000e+02 0.000000000000000000e+00
2.300000000000000000e+02 -2.011656761169433594e-05
2.310000000000000000e+02 0.000000000000000000e+00
2.320000000000000000e+02 -2.011656761169433594e-05
2.330000000000000000e+02 0.000000000000000000e+00
2.340000000000000000e+02 0.000000000000000000e+00
2.350000000000000000e+02 0.000000000000000000e+00
2.360000000000000000e+02 0.000000000000000000e+00
2.370000000000000000e+02 0.000000000000000000e+00
2.380000000000000000e+02 0.000000000000000000e+00
2.390000000000000000e+02 0.000000000000000000e+00
2.400000000000000000e+02 2.011656761169433594e-05
2.410000000000000000e+02 2.011656761169433594e-05
2.420000000000000000e+02 2.011656761169433594e-05
2.430000000000000000e+02 0.000000000000000000e+00
2.440000000000000000e+02 -2.011656761169433594e-05
2.450000000000000000e+02 0.000000000000000000e+00
2.460000000000000000e+02 -2.011656761169433594e-05
2.470000000000000000e+02 0.000000000000000000e+00
2.480000000000000000e+02 -2.011656761169433594e-05
2.490000000000000000e+02 0.000000000000000000e+00
2.500000000000000000e+02 2.011656761169433594e-05
2.510000000000000000e+02 0.000000000000000000e+00
2.520000000000000000e+02 2.011656761169433594e-05
2.530000000000000000e+02 2.011656761169433594e-05
2.540000000000000000e+02 -2.011656761169433594e-05
2.550000000000000000e+02 0.000000000000000000e+00
2.560000000000000000e+02 0.000000000000000000e+00
2.570000000000000000e+02 0.000000000000000000e+00
2.580000000000000000e+02 0.000000000000000000e+00
2.590000000000000000e+02 0.000000000000000000e+00
2.600000000000000000e+02 -2.011656761169433594e-05
2.610000000000000000e+02 -2.011656761169433594e-05
2.620000000000000000e+02 0.000000000000000000e+00
2.630000000000000000e+02 -2.011656761169433594e-05
2.640000000000000000e+02 0.000000000000000000e+00
2.650000000000000000e+02 -2.011656761169433594e-05
2.660000000000000000e+02 0.000000000000000000e+00
2.670000000000000000e+02 0.000000000000000000e+00
2.680000000000000000e+02 0.000000000000000000e+00
2.690000000000000000e+02 0.000000000000000000e+00
2.700000000000000000e+02 -2.011656761169433594e-05
2.710000000000000000e+02 -2.011656761169433594e-05
2.720000000000000000e+02 0.000000000000000000e+00
2.730000000000000000e+02 0.000000000000000000e+00
2.740000000000000000e+02 0.000000000000000000e+00
2.750000000000000000e+02 0.000000000000000000e+00
2.760000000000000000e+02 -2.011656761169433594e-05
2.770000000000000000e+02 0.000000000000000000e+00
2.780000000000000000e+02 0.000000000000000000e+00
2.790000000000000000e+02 2.011656761169433594e-05
2.800000000000000000e+02 0.000000000000000000e+00
2.810000000000000000e+02 0.000000000000000000e+00
2.820000000000000000e+02 0.000000000000000000e+00
2.830000000000000000e+02 2.011656761169433594e-05
2.840000000000000000e+02 -2.011656761169433594e-05
2.850000000000000000e+02 0.000000000000000000e+00
2.860000000000000000e+02 -2.011656761169433594e-05
2.870000000000000000e+02 0.000000000000000000e+00
2.880000000000000000e+02 -2.011656761169433594e-05
2.890000000000000000e+02 0.000000000000000000e+00
2.900000000000000000e+02 0.000000000000000000e+00
2.910000000000000000e+02 0.000000000000000000e+00
2.920000000000000000e+02 2.011656761169433594e-05
2.930000000000000000e+02 0.000000000000000000e+00
2.940000000000000000e+02 0.000000000000000000e+00
2.950000000000000000e+02 0.000000000000000000e+00
2.960000000000000000e+02 2.011656761169433594e-05
2.970000000000000000e+02 0.000000000000000000e+00
2.980000000000000000e+02 -2.011656761169433594e-05
2.990000000000000000e+02 0.000000000000000000e+00
3.000000000000000000e+02 0.000000000000000000e+00
3.010000000000000000e+02 -8.082635700702667236e-01
3.020000000000000000e+02 -8.085049688816070557e-01
3.030000000000000000e+02 -8.087061345577239990e-01
3.040000000000000000e+02 -8.089274168014526367e-01
3.050000000000000000e+02 -8.091486990451812744e-01
3.060000000000000000e+02 -8.093297481536865234e-01
3.070000000000000000e+02 -8.095510303974151611e-01
3.080000000000000000e+02 -8.097723126411437988e-01
3.090000000000000000e+02 -8.099734783172607422e-01
3.100000000000000000e+02 -8.101947605609893799e-01
3.110000000000000000e+02 -8.103959262371063232e-01
3.120000000000000000e+02 -8.106172084808349609e-01
3.130000000000000000e+02 -8.108586072921752930e-01
3.140000000000000000e+02 -8.110396564006805420e-01
3.150000000000000000e+02 -8.112609386444091797e-01
3.160000000000000000e+02 -8.114621043205261230e-01
3.170000000000000000e+02 -8.116833865642547607e-01
3.180000000000000000e+02 -8.119247853755950928e-01
3.190000000000000000e+02 -8.121460676193237305e-01
3.200000000000000000e+02 -8.123271167278289795e-01
3.210000000000000000e+02 -8.125483989715576172e-01
3.220000000000000000e+02 -8.127495646476745605e-01
3.230000000000000000e+02 -8.129909634590148926e-01
3.240000000000000000e+02 -8.132122457027435303e-01
3.250000000000000000e+02 -8.134335279464721680e-01
3.260000000000000000e+02 -8.136346936225891113e-01
3.270000000000000000e+02 -8.138358592987060547e-01
3.280000000000000000e+02 -8.140772581100463867e-01
3.290000000000000000e+02 -8.142784237861633301e-01
3.300000000000000000e+02 -8.144795894622802734e-01
3.310000000000000000e+02 -8.147008717060089111e-01
3.320000000000000000e+02 -8.149422705173492432e-01
3.330000000000000000e+02 -8.151434361934661865e-01
3.340000000000000000e+02 -8.153446018695831299e-01
3.350000000000000000e+02 -8.155658841133117676e-01
3.360000000000000000e+02 -8.157670497894287109e-01
3.370000000000000000e+02 -8.159682154655456543e-01
3.380000000000000000e+02 -8.161894977092742920e-01
3.390000000000000000e+02 -8.164107799530029297e-01
3.400000000000000000e+02 -8.166119456291198730e-01
3.410000000000000000e+02 -8.168332278728485107e-01
3.420000000000000000e+02 -8.170545101165771484e-01
3.430000000000000000e+02 -8.172355592250823975e-01
3.440000000000000000e+02 -8.174568414688110352e-01
3.450000000000000000e+02 -8.176580071449279785e-01
3.460000000000000000e+02 -8.178591728210449219e-01
3.470000000000000000e+02 -8.180603384971618652e-01
3.480000000000000000e+02 -8.182816207408905029e-01
3.490000000000000000e+02 -8.184827864170074463e-01
3.500000000000000000e+02 -8.186839520931243896e-01
3.510000000000000000e+02 -8.188851177692413330e-01
3.520000000000000000e+02 -8.190862834453582764e-01
3.530000000000000000e+02 -8.192673325538635254e-01
3.540000000000000000e+02 -8.194886147975921631e-01
3.550000000000000000e+02 -8.196696639060974121e-01
3.560000000000000000e+02 -8.198708295822143555e-01
3.570000000000000000e+02 -8.200518786907196045e-01
3.580000000000000000e+02 -8.202530443668365479e-01
3.590000000000000000e+02 -8.204340934753417969e-01
3.600000000000000000e+02 -8.206352591514587402e-01
3.610000000000000000e+02 -8.208364248275756836e-01
3.620000000000000000e+02 -8.210174739360809326e-01
3.630000000000000000e+02 -8.211985230445861816e-01
3.640000000000000000e+02 -8.213996887207031250e-01
3.650000000000000000e+02 -8.215606212615966797e-01
3.660000000000000000e+02 -8.217416703701019287e-01
3.670000000000000000e+02 -8.219428360462188721e-01
3.680000000000000000e+02 -8.221037685871124268e-01
3.690000000000000000e+02 -8.222848176956176758e-01
3.700000000000000000e+02 -8.224457502365112305e-01
3.710000000000000000e+02 -8.226267993450164795e-01
3.720000000000000000e+02 -8.227877318859100342e-01
3.730000000000000000e+02 -8.229687809944152832e-01
3.740000000000000000e+02 -8.231297135353088379e-01
3.750000000000000000e+02 -8.233107626438140869e-01
3.760000000000000000e+02 -8.234716951847076416e-01
3.770000000000000000e+02 -8.236326277256011963e-01
3.780000000000000000e+02 -8.237935602664947510e-01
3.790000000000000000e+02 -8.239544928073883057e-01
3.800000000000000000e+02 -8.240953087806701660e-01
3.810000000000000000e+02 -8.242763578891754150e-01
3.820000000000000000e+02 -8.244171738624572754e-01
3.830000000000000000e+02 -8.245579898357391357e-01
3.840000000000000000e+02 -8.246988058090209961e-01
3.850000000000000000e+02 -8.248396217823028564e-01
3.860000000000000000e+02 -8.249804377555847168e-01
3.870000000000000000e+02 -8.251212537288665771e-01
3.880000000000000000e+02 -8.252620697021484375e-01
3.890000000000000000e+02 -8.253827691078186035e-01
3.900000000000000000e+02 -8.255034685134887695e-01
3.910000000000000000e+02 -8.256442844867706299e-01
3.920000000000000000e+02 -8.257649838924407959e-01
3.930000000000000000e+02 -8.259057998657226562e-01
3.940000000000000000e+02 -8.260264992713928223e-01
3.950000000000000000e+02 -8.261270821094512939e-01
3.960000000000000000e+02 -8.262477815151214600e-01
3.970000000000000000e+02 -8.263483643531799316e-01
3.980000000000000000e+02 -8.264690637588500977e-01
3.990000000000000000e+02 -8.265696465969085693e-01
4.000000000000000000e+02 -8.266702294349670410e-01
4.010000000000000000e+02 -8.267909288406372070e-01
4.020000000000000000e+02 -8.268713951110839844e-01
4.030000000000000000e+02 -8.269719779491424561e-01
4.040000000000000000e+02 -8.270323276519775391e-01
4.050000000000000000e+02 -8.271329104900360107e-01
4.060000000000000000e+02 -8.272334933280944824e-01
4.070000000000000000e+02 -8.272938430309295654e-01
4.080000000000000000e+02 -8.273541927337646484e-01
4.090000000000000000e+02 -8.274346590042114258e-01
4.100000000000000000e+02 -8.275151252746582031e-01
4.110000000000000000e+02 -8.275754749774932861e-01
4.120000000000000000e+02 -8.276358246803283691e-01
4.130000000000000000e+02 -8.276961743831634521e-01
4.140000000000000000e+02 -8.277766406536102295e-01
4.150000000000000000e+02 -8.278168737888336182e-01
4.160000000000000000e+02 -8.278369903564453125e-01
4.170000000000000000e+02 -8.278772234916687012e-01
4.180000000000000000e+02 -8.279375731945037842e-01
4.190000000000000000e+02 -8.279778063297271729e-01
4.200000000000000000e+02 -8.279979228973388672e-01
4.210000000000000000e+02 -8.280381560325622559e-01
4.220000000000000000e+02 -8.280381560325622559e-01
4.230000000000000000e+02 -8.280582726001739502e-01
4.240000000000000000e+02 -8.280582726001739502e-01
4.250000000000000000e+02 -8.280783891677856445e-01
4.260000000000000000e+02 -8.280783891677856445e-01
4.270000000000000000e+02 -8.280985057353973389e-01
4.280000000000000000e+02 -8.280783891677856445e-01
4.290000000000000000e+02 -8.280783891677856445e-01
4.300000000000000000e+02 -8.280381560325622559e-01
4.310000000000000000e+02 -8.280381560325622559e-01
4.320000000000000000e+02 -8.280180394649505615e-01
4.330000000000000000e+02 -8.279979228973388672e-01
4.340000000000000000e+02 -8.279375731945037842e-01
4.350000000000000000e+02 -8.279174566268920898e-01
4.360000000000000000e+02 -8.278571069240570068e-01
4.370000000000000000e+02 -8.278168737888336182e-01
4.380000000000000000e+02 -8.277565240859985352e-01
4.390000000000000000e+02 -8.277162909507751465e-01
4.400000000000000000e+02 -8.276358246803283691e-01
4.410000000000000000e+02 -8.275553584098815918e-01
4.420000000000000000e+02 -8.274950087070465088e-01
4.430000000000000000e+02 -8.274346590042114258e-01
4.440000000000000000e+02 -8.273340761661529541e-01
4.450000000000000000e+02 -8.272334933280944824e-01
4.460000000000000000e+02 -8.271329104900360107e-01
4.470000000000000000e+02 -8.270323276519775391e-01
4.480000000000000000e+02 -8.269518613815307617e-01
4.490000000000000000e+02 -8.268110454082489014e-01
4.500000000000000000e+02 -8.267104625701904297e-01
4.510000000000000000e+02 -8.265897631645202637e-01
4.520000000000000000e+02 -8.264489471912384033e-01
4.530000000000000000e+02 -8.263282477855682373e-01
4.540000000000000000e+02 -8.261673152446746826e-01
4.550000000000000000e+02 -8.260063827037811279e-01
4.560000000000000000e+02 -8.258655667304992676e-01
4.570000000000000000e+02 -8.257046341896057129e-01
4.580000000000000000e+02 -8.255235850811004639e-01
4.590000000000000000e+02 -8.253626525402069092e-01
4.600000000000000000e+02 -8.251816034317016602e-01
4.610000000000000000e+02 -8.250005543231964111e-01
4.620000000000000000e+02 -8.247792720794677734e-01
4.630000000000000000e+02 -8.245781064033508301e-01
4.640000000000000000e+02 -8.243970572948455811e-01
4.650000000000000000e+02 -8.241958916187286377e-01
4.660000000000000000e+02 -8.239544928073883057e-01
4.670000000000000000e+02 -8.237332105636596680e-01
4.680000000000000000e+02 -8.234918117523193359e-01
4.690000000000000000e+02 -8.232504129409790039e-01
4.700000000000000000e+02 -8.230291306972503662e-01
4.710000000000000000e+02 -8.227676153182983398e-01
4.720000000000000000e+02 -8.224658668041229248e-01
4.730000000000000000e+02 -8.222043514251708984e-01
4.740000000000000000e+02 -8.219227194786071777e-01
4.750000000000000000e+02 -8.216410875320434570e-01
4.760000000000000000e+02 -8.213795721530914307e-01
4.770000000000000000e+02 -8.210375905036926270e-01
4.780000000000000000e+02 -8.207358419895172119e-01
4.790000000000000000e+02 -8.204340934753417969e-01
4.800000000000000000e+02 -8.201122283935546875e-01
4.810000000000000000e+02 -8.197903633117675781e-01
4.820000000000000000e+02 -8.194282650947570801e-01
4.830000000000000000e+02 -8.190661668777465820e-01
4.840000000000000000e+02 -8.187241852283477783e-01
4.850000000000000000e+02 -8.183620870113372803e-01
4.860000000000000000e+02 -8.179999887943267822e-01
4.870000000000000000e+02 -8.176177740097045898e-01
4.880000000000000000e+02 -8.172355592250823975e-01
4.890000000000000000e+02 -8.168332278728485107e-01
4.900000000000000000e+02 -8.164107799530029297e-01
4.910000000000000000e+02 -8.160084486007690430e-01
4.920000000000000000e+02 -8.155860006809234619e-01
4.930000000000000000e+02 -8.151635527610778809e-01
4.940000000000000000e+02 -8.147209882736206055e-01
4.950000000000000000e+02 -8.142784237861633301e-01
4.960000000000000000e+02 -8.138157427310943604e-01
4.970000000000000000e+02 -8.133530616760253906e-01
4.980000000000000000e+02 -8.128903806209564209e-01
4.990000000000000000e+02 -8.123874664306640625e-01
5.000000000000000000e+02 -4.930771887302398682e-01
5.010000000000000000e+02 -9.914470463991165161e+00
5.020000000000000000e+02 -9.909803420305252075e+00
5.030000000000000000e+02 -9.905136376619338989e+00
5.040000000000000000e+02 -9.900509566068649292e+00
5.050000000000000000e+02 -9.895902872085571289e+00
5.060000000000000000e+02 -9.891336411237716675e+00
5.070000000000000000e+02 -9.886810183525085449e+00
5.080000000000000000e+02 -9.882263839244842529e+00
5.090000000000000000e+02 -9.877797961235046387e+00
5.100000000000000000e+02 -9.873311966657638550e+00
5.110000000000000000e+02 -9.868866205215454102e+00
5.120000000000000000e+02 -9.864440560340881348e+00
5.130000000000000000e+02 -9.860035032033920288e+00
5.140000000000000000e+02 -9.855649620294570923e+00
5.150000000000000000e+02 -9.851284325122833252e+00
5.160000000000000000e+02 -9.846959263086318970e+00
5.170000000000000000e+02 -9.842634201049804688e+00
5.180000000000000000e+02 -9.838329255580902100e+00
5.190000000000000000e+02 -9.834084659814834595e+00
5.200000000000000000e+02 -9.829799830913543701e+00
5.210000000000000000e+02 -9.825555235147476196e+00
5.220000000000000000e+02 -9.821330755949020386e+00
5.230000000000000000e+02 -9.817126393318176270e+00
5.240000000000000000e+02 -9.812942147254943848e+00
5.250000000000000000e+02 -9.808757901191711426e+00
5.260000000000000000e+02 -9.804593771696090698e+00
5.270000000000000000e+02 -9.800469875335693359e+00
5.280000000000000000e+02 -9.796325862407684326e+00
5.290000000000000000e+02 -9.792222082614898682e+00
5.300000000000000000e+02 -9.788118302822113037e+00
5.310000000000000000e+02 -9.784014523029327393e+00
5.320000000000000000e+02 -9.779930859804153442e+00
5.330000000000000000e+02 -9.775887429714202881e+00
5.340000000000000000e+02 -9.771843999624252319e+00
5.350000000000000000e+02 -9.767800569534301758e+00
5.360000000000000000e+02 -9.763777256011962891e+00
5.370000000000000000e+02 -9.759753942489624023e+00
5.380000000000000000e+02 -9.755750745534896851e+00
5.390000000000000000e+02 -9.751747548580169678e+00
5.400000000000000000e+02 -9.747764468193054199e+00
5.410000000000000000e+02 -9.743781387805938721e+00
5.420000000000000000e+02 -9.739818423986434937e+00
5.430000000000000000e+02 -9.735835343599319458e+00
5.440000000000000000e+02 -9.731892496347427368e+00
5.450000000000000000e+02 -9.727929532527923584e+00
5.460000000000000000e+02 -9.723986685276031494e+00
5.470000000000000000e+02 -9.720043838024139404e+00
5.480000000000000000e+02 -9.716121107339859009e+00
5.490000000000000000e+02 -9.712178260087966919e+00
5.500000000000000000e+02 -9.708255529403686523e+00
5.510000000000000000e+02 -9.704332798719406128e+00
5.520000000000000000e+02 -9.700410068035125732e+00
5.530000000000000000e+02 -9.696487337350845337e+00
5.540000000000000000e+02 -9.692604839801788330e+00
5.550000000000000000e+02 -9.688682109117507935e+00
5.560000000000000000e+02 -9.684759378433227539e+00
5.570000000000000000e+02 -9.680856764316558838e+00
5.580000000000000000e+02 -9.676934033632278442e+00
5.590000000000000000e+02 -9.673031419515609741e+00
5.600000000000000000e+02 -9.669148921966552734e+00
5.610000000000000000e+02 -9.665246307849884033e+00
5.620000000000000000e+02 -9.661343693733215332e+00
5.630000000000000000e+02 -9.657420963048934937e+00
5.640000000000000000e+02 -9.653518348932266235e+00
5.650000000000000000e+02 -9.649595618247985840e+00
5.660000000000000000e+02 -9.645713120698928833e+00
5.670000000000000000e+02 -9.641770273447036743e+00
5.680000000000000000e+02 -9.637867659330368042e+00
5.690000000000000000e+02 -9.633965045213699341e+00
5.700000000000000000e+02 -9.630022197961807251e+00
5.710000000000000000e+02 -9.626079350709915161e+00
5.720000000000000000e+02 -9.622156620025634766e+00
5.730000000000000000e+02 -9.618213772773742676e+00
5.740000000000000000e+02 -9.614291042089462280e+00
5.750000000000000000e+02 -9.610328078269958496e+00
5.760000000000000000e+02 -9.606365114450454712e+00
5.770000000000000000e+02 -9.602402150630950928e+00
5.780000000000000000e+02 -9.598439186811447144e+00
5.790000000000000000e+02 -9.594476222991943359e+00
5.800000000000000000e+02 -9.590493142604827881e+00
5.810000000000000000e+02 -9.586469829082489014e+00
5.820000000000000000e+02 -9.582466632127761841e+00
5.830000000000000000e+02 -9.578483551740646362e+00
5.840000000000000000e+02 -9.574480354785919189e+00
5.850000000000000000e+02 -9.570436924695968628e+00
5.860000000000000000e+02 -9.566393494606018066e+00
5.870000000000000000e+02 -9.562370181083679199e+00
5.880000000000000000e+02 -9.558286517858505249e+00
5.890000000000000000e+02 -9.554243087768554688e+00
5.900000000000000000e+02 -9.550159424543380737e+00
5.910000000000000000e+02 -9.546075761318206787e+00
5.920000000000000000e+02 -9.541971981525421143e+00
5.930000000000000000e+02 -9.537868201732635498e+00
5.940000000000000000e+02 -9.533724188804626465e+00
5.950000000000000000e+02 -9.529600292444229126e+00
5.960000000000000000e+02 -9.525456279516220093e+00
5.970000000000000000e+02 -9.521292150020599365e+00
5.980000000000000000e+02 -9.517107903957366943e+00
5.990000000000000000e+02 -9.512943774461746216e+00
6.000000000000000000e+02 -9.508719295263290405e+00
6.010000000000000000e+02 -9.504494816064834595e+00
6.020000000000000000e+02 -9.500270336866378784e+00
6.030000000000000000e+02 -9.496025741100311279e+00
6.040000000000000000e+02 -9.491761028766632080e+00
6.050000000000000000e+02 -9.487496316432952881e+00
6.060000000000000000e+02 -9.483191370964050293e+00
6.070000000000000000e+02 -9.478866308927536011e+00
6.080000000000000000e+02 -9.474561363458633423e+00
6.090000000000000000e+02 -9.470196068286895752e+00
6.100000000000000000e+02 -9.465830773115158081e+00
6.110000000000000000e+02 -9.461485594511032104e+00
6.120000000000000000e+02 -9.457080066204071045e+00
6.130000000000000000e+02 -9.452654421329498291e+00
6.140000000000000000e+02 -9.448248893022537231e+00
6.150000000000000000e+02 -9.443783015012741089e+00
6.160000000000000000e+02 -9.439317137002944946e+00
6.170000000000000000e+02 -9.434831142425537109e+00
6.180000000000000000e+02 -9.430345147848129272e+00
6.190000000000000000e+02 -9.425798803567886353e+00
6.200000000000000000e+02 -9.421252459287643433e+00
6.210000000000000000e+02 -9.416685998439788818e+00
6.220000000000000000e+02 -9.412099421024322510e+00
6.230000000000000000e+02 -9.407492727041244507e+00
6.240000000000000000e+02 -9.402886033058166504e+00
6.250000000000000000e+02 -9.398239105939865112e+00
6.260000000000000000e+02 -9.393572062253952026e+00
6.270000000000000000e+02 -9.388864785432815552e+00
6.280000000000000000e+02 -9.384157508611679077e+00
6.290000000000000000e+02 -9.379409998655319214e+00
6.300000000000000000e+02 -9.374682605266571045e+00
6.310000000000000000e+02 -9.369894862174987793e+00
6.320000000000000000e+02 -9.365087002515792847e+00
6.330000000000000000e+02 -9.360238909721374512e+00
6.340000000000000000e+02 -9.355410933494567871e+00
6.350000000000000000e+02 -9.350542724132537842e+00
6.360000000000000000e+02 -9.345654398202896118e+00
6.370000000000000000e+02 -9.340725839138031006e+00
6.380000000000000000e+02 -9.335797280073165894e+00
6.390000000000000000e+02 -9.330808371305465698e+00
6.400000000000000000e+02 -9.325819462537765503e+00
6.410000000000000000e+02 -9.320850670337677002e+00
6.420000000000000000e+02 -9.315801411867141724e+00
6.430000000000000000e+02 -9.310732036828994751e+00
6.440000000000000000e+02 -9.305622428655624390e+00
6.450000000000000000e+02 -9.300532937049865723e+00
6.460000000000000000e+02 -9.295383095741271973e+00
6.470000000000000000e+02 -9.290233254432678223e+00
6.480000000000000000e+02 -9.285023063421249390e+00
6.490000000000000000e+02 -9.279792755842208862e+00
6.500000000000000000e+02 -9.274562448263168335e+00
6.510000000000000000e+02 -9.269291907548904419e+00
6.520000000000000000e+02 -9.264001250267028809e+00
6.530000000000000000e+02 -9.258670359849929810e+00
6.540000000000000000e+02 -9.253319352865219116e+00
6.550000000000000000e+02 -9.247928112745285034e+00
6.560000000000000000e+02 -9.242536872625350952e+00
6.570000000000000000e+02 -9.237085282802581787e+00
6.580000000000000000e+02 -9.231633692979812622e+00
6.590000000000000000e+02 -9.226141870021820068e+00
6.600000000000000000e+02 -9.220629930496215820e+00
6.610000000000000000e+02 -9.215077757835388184e+00
6.620000000000000000e+02 -9.209505468606948853e+00
6.630000000000000000e+02 -9.203892946243286133e+00
6.640000000000000000e+02 -9.198260307312011719e+00
6.650000000000000000e+02 -9.192607551813125610e+00
6.660000000000000000e+02 -9.186914563179016113e+00
6.670000000000000000e+02 -9.181201457977294922e+00
6.680000000000000000e+02 -9.175448119640350342e+00
6.690000000000000000e+02 -9.169694781303405762e+00
6.700000000000000000e+02 -9.163881093263626099e+00
6.710000000000000000e+02 -9.158027172088623047e+00
6.720000000000000000e+02 -9.152153134346008301e+00
6.730000000000000000e+02 -9.146279096603393555e+00
6.740000000000000000e+02 -9.140344709157943726e+00
6.750000000000000000e+02 -9.134370088577270508e+00
6.760000000000000000e+02 -9.128375351428985596e+00
6.770000000000000000e+02 -9.122380614280700684e+00
6.780000000000000000e+02 -9.116305410861968994e+00
6.790000000000000000e+02 -9.110250324010848999e+00
6.800000000000000000e+02 -9.104134887456893921e+00
6.810000000000000000e+02 -9.097979217767715454e+00
6.820000000000000000e+02 -9.091803431510925293e+00
6.830000000000000000e+02 -9.085607528686523438e+00
6.840000000000000000e+02 -9.079351276159286499e+00
6.850000000000000000e+02 -9.073095023632049561e+00
6.860000000000000000e+02 -9.066798537969589233e+00
6.870000000000000000e+02 -9.060441702604293823e+00
6.880000000000000000e+02 -9.054084867238998413e+00
6.890000000000000000e+02 -9.047707915306091309e+00
6.900000000000000000e+02 -9.041270613670349121e+00
6.910000000000000000e+02 -9.034793078899383545e+00
6.920000000000000000e+02 -9.028295427560806274e+00
6.930000000000000000e+02 -9.021777659654617310e+00
6.940000000000000000e+02 -9.015219658613204956e+00
6.950000000000000000e+02 -9.008621424436569214e+00
6.960000000000000000e+02 -9.001982957124710083e+00
6.970000000000000000e+02 -8.995344489812850952e+00
6.980000000000000000e+02 -8.988645672798156738e+00
6.990000000000000000e+02 -8.981906622648239136e+00
7.000000000000000000e+02 -8.975147455930709839e+00
7.010000000000000000e+02 -8.968368172645568848e+00
7.020000000000000000e+02 -8.961548656225204468e+00
7.030000000000000000e+02 -8.954688906669616699e+00
7.040000000000000000e+02 -8.947788923978805542e+00
7.050000000000000000e+02 -8.940868824720382690e+00
7.060000000000000000e+02 -8.933928608894348145e+00
7.070000000000000000e+02 -8.926928043365478516e+00
7.080000000000000000e+02 -8.919907361268997192e+00
7.090000000000000000e+02 -8.912846446037292480e+00
7.100000000000000000e+02 -8.905745297670364380e+00
7.110000000000000000e+02 -8.898603916168212891e+00
7.120000000000000000e+02 -8.891442418098449707e+00
7.130000000000000000e+02 -8.884260803461074829e+00
7.140000000000000000e+02 -8.877018839120864868e+00
7.150000000000000000e+02 -8.869756758213043213e+00
7.160000000000000000e+02 -8.862454444169998169e+00
7.170000000000000000e+02 -8.855111896991729736e+00
7.180000000000000000e+02 -8.847769349813461304e+00
7.190000000000000000e+02 -8.840346336364746094e+00
7.200000000000000000e+02 -8.832903206348419189e+00
7.210000000000000000e+02 -8.825439959764480591e+00
7.220000000000000000e+02 -8.817936480045318604e+00
7.230000000000000000e+02 -8.810392767190933228e+00
7.240000000000000000e+02 -8.802808821201324463e+00
7.250000000000000000e+02 -8.795204758644104004e+00
7.260000000000000000e+02 -8.787560462951660156e+00
7.270000000000000000e+02 -8.779875934123992920e+00
7.280000000000000000e+02 -8.772171288728713989e+00
7.290000000000000000e+02 -8.764406293630599976e+00
7.300000000000000000e+02 -8.756621181964874268e+00
7.310000000000000000e+02 -8.748795837163925171e+00
7.320000000000000000e+02 -8.740950375795364380e+00
7.330000000000000000e+02 -8.733044564723968506e+00
7.340000000000000000e+02 -8.725118637084960938e+00
7.350000000000000000e+02 -8.717172592878341675e+00
7.360000000000000000e+02 -8.709166198968887329e+00
7.370000000000000000e+02 -8.701119571924209595e+00
7.380000000000000000e+02 -8.693072944879531860e+00
7.390000000000000000e+02 -8.684965968132019043e+00
7.400000000000000000e+02 -8.676818758249282837e+00
7.410000000000000000e+02 -8.668671548366546631e+00
7.420000000000000000e+02 -8.660463988780975342e+00
7.430000000000000000e+02 -8.652216196060180664e+00
7.440000000000000000e+02 -8.643928170204162598e+00
7.450000000000000000e+02 -8.635620027780532837e+00
7.460000000000000000e+02 -8.627271652221679688e+00
7.470000000000000000e+02 -8.618883043527603149e+00
7.480000000000000000e+02 -8.610454201698303223e+00
7.490000000000000000e+02 -8.601985126733779907e+00
7.500000000000000000e+02 -8.593495935201644897e+00
7.510000000000000000e+02 -8.584986627101898193e+00
7.520000000000000000e+02 -8.576416969299316406e+00
7.530000000000000000e+02 -8.567827194929122925e+00
7.540000000000000000e+02 -8.559177070856094360e+00
7.550000000000000000e+02 -8.550506830215454102e+00
7.560000000000000000e+02 -8.541816473007202148e+00
7.570000000000000000e+02 -8.533065766096115112e+00
7.580000000000000000e+02 -8.524294942617416382e+00
7.590000000000000000e+02 -8.515483886003494263e+00
7.600000000000000000e+02 -8.506652712821960449e+00
7.610000000000000000e+02 -8.497761189937591553e+00
7.620000000000000000e+02 -8.488849550485610962e+00
7.630000000000000000e+02 -8.479897677898406982e+00
7.640000000000000000e+02 -8.470905572175979614e+00
7.650000000000000000e+02 -8.461873233318328857e+00
7.660000000000000000e+02 -8.452840894460678101e+00
7.670000000000000000e+02 -8.443728089332580566e+00
7.680000000000000000e+02 -8.434615284204483032e+00
7.690000000000000000e+02 -8.425462245941162109e+00
7.700000000000000000e+02 -8.416268974542617798e+00
7.710000000000000000e+02 -8.407015353441238403e+00
7.720000000000000000e+02 -8.397741615772247314e+00
7.730000000000000000e+02 -8.388447761535644531e+00
7.740000000000000000e+02 -8.379113674163818359e+00
7.750000000000000000e+02 -8.369739353656768799e+00
7.760000000000000000e+02 -8.360344916582107544e+00
7.770000000000000000e+02 -8.350890129804611206e+00
7.780000000000000000e+02 -8.341395109891891479e+00
7.790000000000000000e+02 -8.331900089979171753e+00
7.800000000000000000e+02 -8.322364836931228638e+00
7.810000000000000000e+02 -8.312769234180450439e+00
7.820000000000000000e+02 -8.303173631429672241e+00
7.830000000000000000e+02 -8.293517678976058960e+00
7.840000000000000000e+02 -8.283841609954833984e+00
7.850000000000000000e+02 -8.274125307798385620e+00
7.860000000000000000e+02 -8.264348655939102173e+00
7.870000000000000000e+02 -8.254572004079818726e+00
7.880000000000000000e+02 -8.244735002517700195e+00
7.890000000000000000e+02 -8.234877884387969971e+00
7.900000000000000000e+02 -8.225000649690628052e+00
7.910000000000000000e+02 -8.215063065290451050e+00
7.920000000000000000e+02 -8.205105364322662354e+00
7.930000000000000000e+02 -8.195107430219650269e+00
7.940000000000000000e+02 -8.185089379549026489e+00
7.950000000000000000e+02 -8.175010979175567627e+00
7.960000000000000000e+02 -8.164932578802108765e+00
7.970000000000000000e+02 -8.154813945293426514e+00
7.980000000000000000e+02 -8.144655078649520874e+00
7.990000000000000000e+02 -8.134435862302780151e+00
8.000000000000000000e+02 -8.124216645956039429e+00
8.010000000000000000e+02 -8.113977313041687012e+00
8.020000000000000000e+02 -8.103657513856887817e+00
8.030000000000000000e+02 -8.093337714672088623e+00
8.040000000000000000e+02 -8.082957565784454346e+00
8.050000000000000000e+02 -8.072557300329208374e+00
8.060000000000000000e+02 -8.062136918306350708e+00
8.070000000000000000e+02 -8.051676303148269653e+00
8.080000000000000000e+02 -8.041175454854965210e+00
8.090000000000000000e+02 -8.030654489994049072e+00
8.100000000000000000e+02 -8.020073175430297852e+00
8.110000000000000000e+02 -8.009491860866546631e+00
8.120000000000000000e+02 -7.998870313167572021e+00
8.130000000000000000e+02 -7.988208532333374023e+00
8.140000000000000000e+02 -7.977506518363952637e+00
8.150000000000000000e+02 -7.966784387826919556e+00
8.160000000000000000e+02 -7.956022024154663086e+00
8.170000000000000000e+02 -7.945239543914794922e+00
8.180000000000000000e+02 -7.934416830539703369e+00
8.190000000000000000e+02 -7.923574000597000122e+00
8.200000000000000000e+02 -7.912670820951461792e+00
8.210000000000000000e+02 -7.901767641305923462e+00
8.220000000000000000e+02 -7.890804111957550049e+00
8.230000000000000000e+02 -7.879820466041564941e+00
8.240000000000000000e+02 -7.868836820125579834e+00
8.250000000000000000e+02 -7.857772707939147949e+00
8.260000000000000000e+02 -7.846688479185104370e+00
8.270000000000000000e+02 -7.835584133863449097e+00
8.280000000000000000e+02 -7.824459671974182129e+00
8.290000000000000000e+02 -7.813294976949691772e+00
8.300000000000000000e+02 -7.802069932222366333e+00
8.310000000000000000e+02 -7.790865004062652588e+00
8.320000000000000000e+02 -7.779599726200103760e+00
8.330000000000000000e+02 -7.768314331769943237e+00
8.340000000000000000e+02 -7.756988704204559326e+00
8.350000000000000000e+02 -7.745622843503952026e+00
8.360000000000000000e+02 -7.734256982803344727e+00
8.370000000000000000e+02 -7.722830772399902344e+00
8.380000000000000000e+02 -7.711384445428848267e+00
8.390000000000000000e+02 -7.699918001890182495e+00
8.400000000000000000e+02 -7.688411325216293335e+00
8.410000000000000000e+02 -7.676884531974792480e+00
8.420000000000000000e+02 -7.665297389030456543e+00
8.430000000000000000e+02 -7.653730362653732300e+00
8.440000000000000000e+02 -7.642082870006561279e+00
8.450000000000000000e+02 -7.630455493927001953e+00
8.460000000000000000e+02 -7.618747651576995850e+00
8.470000000000000000e+02 -7.607039809226989746e+00
8.480000000000000000e+02 -7.595311850309371948e+00
8.490000000000000000e+02 -7.583543658256530762e+00
8.500000000000000000e+02 -7.571755349636077881e+00
8.510000000000000000e+02 -7.559926807880401611e+00
8.520000000000000000e+02 -7.548078149557113647e+00
8.530000000000000000e+02 -7.536189258098602295e+00
8.540000000000000000e+02 -7.524280250072479248e+00
8.550000000000000000e+02 -7.512351125478744507e+00
8.560000000000000000e+02 -7.500381767749786377e+00
8.570000000000000000e+02 -7.488412410020828247e+00
8.580000000000000000e+02 -7.476382702589035034e+00
8.590000000000000000e+02 -7.464332878589630127e+00
8.600000000000000000e+02 -7.452262938022613525e+00
8.610000000000000000e+02 -7.440132647752761841e+00
8.620000000000000000e+02 -7.428022474050521851e+00
8.630000000000000000e+02 -7.415872067213058472e+00
8.640000000000000000e+02 -7.403701543807983398e+00
8.650000000000000000e+02 -7.391470670700073242e+00
8.660000000000000000e+02 -7.379239797592163086e+00
8.670000000000000000e+02 -7.366968691349029541e+00
8.680000000000000000e+02 -7.354677468538284302e+00
8.690000000000000000e+02 -7.342366129159927368e+00
8.700000000000000000e+02 -7.330014556646347046e+00
8.710000000000000000e+02 -7.317662984132766724e+00
8.720000000000000000e+02 -7.305271178483963013e+00
8.730000000000000000e+02 -7.292839139699935913e+00
8.740000000000000000e+02 -7.280407100915908813e+00
8.750000000000000000e+02 -7.267934828996658325e+00
8.760000000000000000e+02 -7.255442440509796143e+00
8.770000000000000000e+02 -7.242909818887710571e+00
8.780000000000000000e+02 -7.230377197265625000e+00
8.790000000000000000e+02 -7.217824459075927734e+00
8.800000000000000000e+02 -7.205211371183395386e+00
8.810000000000000000e+02 -7.192598283290863037e+00
8.820000000000000000e+02 -7.179965078830718994e+00
8.830000000000000000e+02 -7.167291641235351562e+00
8.840000000000000000e+02 -7.154618203639984131e+00
8.850000000000000000e+02 -7.141904532909393311e+00
8.860000000000000000e+02 -7.129170745611190796e+00
8.870000000000000000e+02 -7.116396725177764893e+00
8.880000000000000000e+02 -7.103602588176727295e+00
8.890000000000000000e+02 -7.090828567743301392e+00
8.900000000000000000e+02 -7.077974081039428711e+00
8.910000000000000000e+02 -7.065139710903167725e+00
8.920000000000000000e+02 -7.052244991064071655e+00
8.930000000000000000e+02 -7.039350271224975586e+00
8.940000000000000000e+02 -7.026435434818267822e+00
8.950000000000000000e+02 -7.013500481843948364e+00
8.960000000000000000e+02 -7.000545412302017212e+00
8.970000000000000000e+02 -6.987550109624862671e+00
8.980000000000000000e+02 -6.974534690380096436e+00
8.990000000000000000e+02 -6.961519271135330200e+00
9.000000000000000000e+02 -6.948463618755340576e+00
9.010000000000000000e+02 -6.935407966375350952e+00
9.020000000000000000e+02 -6.922332197427749634e+00
9.030000000000000000e+02 -6.909216195344924927e+00
9.040000000000000000e+02 -6.896080076694488525e+00
9.050000000000000000e+02 -6.882903724908828735e+00
9.060000000000000000e+02 -6.869747489690780640e+00
9.070000000000000000e+02 -6.856551021337509155e+00
9.080000000000000000e+02 -6.843334436416625977e+00
9.090000000000000000e+02 -6.830097734928131104e+00
9.100000000000000000e+02 -6.816861033439636230e+00
9.110000000000000000e+02 -6.803584098815917969e+00
9.120000000000000000e+02 -6.790287047624588013e+00
9.130000000000000000e+02 -6.776969879865646362e+00
9.140000000000000000e+02 -6.763672828674316406e+00
9.150000000000000000e+02 -6.750315427780151367e+00
9.160000000000000000e+02 -6.736937910318374634e+00
9.170000000000000000e+02 -6.723560392856597900e+00
9.180000000000000000e+02 -6.710142642259597778e+00
9.190000000000000000e+02 -6.696745008230209351e+00
9.200000000000000000e+02 -6.683307141065597534e+00
9.210000000000000000e+02 -6.669829040765762329e+00
9.220000000000000000e+02 -6.656371057033538818e+00
9.230000000000000000e+02 -6.642872840166091919e+00
9.240000000000000000e+02 -6.629374623298645020e+00
9.250000000000000000e+02 -6.615836173295974731e+00
9.260000000000000000e+02 -6.602297723293304443e+00
9.270000000000000000e+02 -6.588739156723022461e+00
9.280000000000000000e+02 -6.575160473585128784e+00
9.290000000000000000e+02 -6.561581790447235107e+00
9.300000000000000000e+02 -6.547982990741729736e+00
9.310000000000000000e+02 -6.534343957901000977e+00
9.320000000000000000e+02 -6.520704925060272217e+00
9.330000000000000000e+02 -6.507065892219543457e+00
9.340000000000000000e+02 -6.493386626243591309e+00
9.350000000000000000e+02 -6.479707360267639160e+00
9.360000000000000000e+02 -6.466028094291687012e+00
9.370000000000000000e+02 -6.452288478612899780e+00
9.380000000000000000e+02 -6.438568979501724243e+00
9.390000000000000000e+02 -6.424829363822937012e+00
9.400000000000000000e+02 -6.411089748144149780e+00
9.410000000000000000e+02 -6.397309899330139160e+00
9.420000000000000000e+02 -6.383509933948516846e+00
9.430000000000000000e+02 -6.369730085134506226e+00
9.440000000000000000e+02 -6.355910003185272217e+00
9.450000000000000000e+02 -6.342089921236038208e+00
9.460000000000000000e+02 -6.328269839286804199e+00
9.470000000000000000e+02 -6.314409524202346802e+00
9.480000000000000000e+02 -6.300529092550277710e+00
9.490000000000000000e+02 -6.286668777465820312e+00
9.500000000000000000e+02 -6.272768229246139526e+00
9.510000000000000000e+02 -6.258887797594070435e+00
9.520000000000000000e+02 -6.244967132806777954e+00
9.530000000000000000e+02 -6.231046468019485474e+00
9.540000000000000000e+02 -6.217105686664581299e+00
9.550000000000000000e+02 -6.203164905309677124e+00
9.560000000000000000e+02 -6.189224123954772949e+00
9.570000000000000000e+02 -6.175243109464645386e+00
9.580000000000000000e+02 -6.161262094974517822e+00
9.590000000000000000e+02 -6.147281080484390259e+00
9.600000000000000000e+02 -6.133279949426651001e+00
9.610000000000000000e+02 -6.119278818368911743e+00
9.620000000000000000e+02 -6.105257570743560791e+00
9.630000000000000000e+02 -6.091236323118209839e+00
9.640000000000000000e+02 -6.077194958925247192e+00
9.650000000000000000e+02 -6.063133478164672852e+00
9.660000000000000000e+02 -6.049092113971710205e+00
9.670000000000000000e+02 -6.035030633211135864e+00
9.680000000000000000e+02 -6.020949035882949829e+00
9.690000000000000000e+02 -6.006867438554763794e+00
9.700000000000000000e+02 -5.992785841226577759e+00
9.710000000000000000e+02 -5.978684127330780029e+00
9.720000000000000000e+02 -5.964582413434982300e+00
9.730000000000000000e+02 -5.950460582971572876e+00
9.740000000000000000e+02 -5.936338752508163452e+00
9.750000000000000000e+02 -5.922196805477142334e+00
9.760000000000000000e+02 -5.908074975013732910e+00
9.770000000000000000e+02 -5.893953144550323486e+00
9.780000000000000000e+02 -5.879791080951690674e+00
9.790000000000000000e+02 -5.865629017353057861e+00
9.800000000000000000e+02 -5.851466953754425049e+00
9.810000000000000000e+02 -5.837284773588180542e+00
9.820000000000000000e+02 -5.823122709989547729e+00
9.830000000000000000e+02 -5.808940529823303223e+00
9.840000000000000000e+02 -5.794758349657058716e+00
9.850000000000000000e+02 -5.780576169490814209e+00
9.860000000000000000e+02 -5.766373872756958008e+00
9.870000000000000000e+02 -5.752171576023101807e+00
9.880000000000000000e+02 -5.737969279289245605e+00
9.890000000000000000e+02 -5.723766982555389404e+00
9.900000000000000000e+02 -5.709544569253921509e+00
9.910000000000000000e+02 -5.695322155952453613e+00
9.920000000000000000e+02 -5.681119859218597412e+00
9.930000000000000000e+02 -5.666877329349517822e+00
9.940000000000000000e+02 -5.652675032615661621e+00
9.950000000000000000e+02 -5.638432502746582031e+00
9.960000000000000000e+02 -5.624189972877502441e+00
9.970000000000000000e+02 -5.609947443008422852e+00
9.980000000000000000e+02 -5.595704913139343262e+00
9.990000000000000000e+02 -5.581462383270263672e+00
1.000000000000000000e+03 -5.567239969968795776e+00
1.001000000000000000e+03 -5.552977323532104492e+00
1.002000000000000000e+03 -5.538734793663024902e+00
1.003000000000000000e+03 -5.524472147226333618e+00
1.004000000000000000e+03 -5.510249733924865723e+00
1.005000000000000000e+03 -5.495987087488174438e+00
1.006000000000000000e+03 -5.481724441051483154e+00
1.007000000000000000e+03 -5.467461794614791870e+00
1.008000000000000000e+03 -5.453219264745712280e+00
1.009000000000000000e+03 -5.438956618309020996e+00
1.010000000000000000e+03 -5.424714088439941406e+00
1.011000000000000000e+03 -5.410431325435638428e+00
1.012000000000000000e+03 -5.396188795566558838e+00
1.013000000000000000e+03 -5.381926149129867554e+00
1.014000000000000000e+03 -5.367683619260787964e+00
1.015000000000000000e+03 -5.353420972824096680e+00
1.016000000000000000e+03 -5.339178442955017090e+00
1.017000000000000000e+03 -5.324915796518325806e+00
1.018000000000000000e+03 -5.310673266649246216e+00
1.019000000000000000e+03 -5.296430736780166626e+00
1.020000000000000000e+03 -5.282188206911087036e+00
1.021000000000000000e+03 -5.267925560474395752e+00
1.022000000000000000e+03 -5.253683030605316162e+00
1.023000000000000000e+03 -5.239440500736236572e+00
1.024000000000000000e+03 -5.225218087434768677e+00
1.025000000000000000e+03 -5.210975557565689087e+00
1.026000000000000000e+03 -5.196753144264221191e+00
1.027000000000000000e+03 -5.182510614395141602e+00
1.028000000000000000e+03 -5.168288201093673706e+00
1.029000000000000000e+03 -5.154065787792205811e+00
1.030000000000000000e+03 -5.139863491058349609e+00
1.031000000000000000e+03 -5.125661194324493408e+00
1.032000000000000000e+03 -5.111418664455413818e+00
1.033000000000000000e+03 -5.097256600856781006e+00
1.034000000000000000e+03 -5.083054304122924805e+00
1.035000000000000000e+03 -5.068852007389068604e+00
1.036000000000000000e+03 -5.054689943790435791e+00
1.037000000000000000e+03 -5.040487647056579590e+00
1.038000000000000000e+03 -5.026285350322723389e+00
1.039000000000000000e+03 -5.012123286724090576e+00
1.040000000000000000e+03 -4.997920989990234375e+00
1.041000000000000000e+03 -4.983799159526824951e+00
1.042000000000000000e+03 -4.969637095928192139e+00
1.043000000000000000e+03 -4.955475032329559326e+00
1.044000000000000000e+03 -4.941353201866149902e+00
1.045000000000000000e+03 -4.927191138267517090e+00
1.046000000000000000e+03 -4.913109540939331055e+00
1.047000000000000000e+03 -4.898947477340698242e+00
1.048000000000000000e+03 -4.884865880012512207e+00
1.049000000000000000e+03 -4.870744049549102783e+00
1.050000000000000000e+03 -4.856662452220916748e+00
1.051000000000000000e+03 -4.842540621757507324e+00
1.052000000000000000e+03 -4.828499257564544678e+00
1.053000000000000000e+03 -4.814417660236358643e+00
1.054000000000000000e+03 -4.800336062908172607e+00
1.055000000000000000e+03 -4.786294698715209961e+00
1.056000000000000000e+03 -4.772253334522247314e+00
1.057000000000000000e+03 -4.758211970329284668e+00
1.058000000000000000e+03 -4.744210839271545410e+00
1.059000000000000000e+03 -4.730169475078582764e+00
1.060000000000000000e+03 -4.716168344020843506e+00
1.061000000000000000e+03 -4.702167212963104248e+00
1.062000000000000000e+03 -4.688206315040588379e+00
1.063000000000000000e+03 -4.674205183982849121e+00
1.064000000000000000e+03 -4.660244286060333252e+00
1.065000000000000000e+03 -4.646283388137817383e+00
1.066000000000000000e+03 -4.632362723350524902e+00
1.067000000000000000e+03 -4.618442058563232422e+00
1.068000000000000000e+03 -4.604481160640716553e+00
1.069000000000000000e+03 -4.590600728988647461e+00
1.070000000000000000e+03 -4.576720297336578369e+00
1.071000000000000000e+03 -4.562839865684509277e+00
1.072000000000000000e+03 -4.548959434032440186e+00
1.073000000000000000e+03 -4.535079002380371094e+00
1.074000000000000000e+03 -4.521238803863525391e+00
1.075000000000000000e+03 -4.507398605346679688e+00
1.076000000000000000e+03 -4.493598639965057373e+00
1.077000000000000000e+03 -4.479758441448211670e+00
1.078000000000000000e+03 -4.465998709201812744e+00
1.079000000000000000e+03 -4.452198743820190430e+00
1.080000000000000000e+03 -4.438439011573791504e+00
1.081000000000000000e+03 -4.424679279327392578e+00
1.082000000000000000e+03 -4.410959780216217041e+00
1.083000000000000000e+03 -4.397200047969818115e+00
1.084000000000000000e+03 -4.383520781993865967e+00
1.085000000000000000e+03 -4.369801282882690430e+00
1.086000000000000000e+03 -4.356162250041961670e+00
1.087000000000000000e+03 -4.342482984066009521e+00
1.088000000000000000e+03 -4.328803718090057373e+00
1.089000000000000000e+03 -4.315204918384552002e+00
1.090000000000000000e+03 -4.301565885543823242e+00
1.091000000000000000e+03 -4.287967085838317871e+00
1.092000000000000000e+03 -4.274408519268035889e+00
1.093000000000000000e+03 -4.260809719562530518e+00
1.094000000000000000e+03 -4.247251152992248535e+00
1.095000000000000000e+03 -4.233732819557189941e+00
1.096000000000000000e+03 -4.220214486122131348e+00
1.097000000000000000e+03 -4.206696152687072754e+00
1.098000000000000000e+03 -4.193218052387237549e+00
1.099000000000000000e+03 -4.179739952087402344e+00
1.100000000000000000e+03 -4.166302084922790527e+00
1.101000000000000000e+03 -4.152864217758178711e+00
1.102000000000000000e+03 -4.139426350593566895e+00
1.103000000000000000e+03 -4.126068949699401855e+00
1.104000000000000000e+03 -4.112671315670013428e+00
1.105000000000000000e+03 -4.099313914775848389e+00
1.106000000000000000e+03 -4.085956513881683350e+00
1.107000000000000000e+03 -4.072639346122741699e+00
1.108000000000000000e+03 -4.059362411499023438e+00
1.109000000000000000e+03 -4.046045243740081787e+00
1.110000000000000000e+03 -4.032808542251586914e+00
1.111000000000000000e+03 -4.019571840763092041e+00
1.112000000000000000e+03 -4.006294906139373779e+00
1.113000000000000000e+03 -3.993138670921325684e+00
1.114000000000000000e+03 -3.979901969432830811e+00
1.115000000000000000e+03 -3.966745734214782715e+00
1.116000000000000000e+03 -3.953629732131958008e+00
1.117000000000000000e+03 -3.940473496913909912e+00
1.118000000000000000e+03 -3.927397727966308594e+00
1.119000000000000000e+03 -3.914321959018707275e+00
1.120000000000000000e+03 -3.901205956935882568e+00
1.121000000000000000e+03 -3.888210654258728027e+00
1.122000000000000000e+03 -3.875134885311126709e+00
1.123000000000000000e+03 -3.862179815769195557e+00
1.124000000000000000e+03 -3.849184513092041016e+00
1.125000000000000000e+03 -3.836229443550109863e+00
1.126000000000000000e+03 -3.823314607143402100e+00
1.127000000000000000e+03 -3.810399770736694336e+00
1.128000000000000000e+03 -3.797525167465209961e+00
1.129000000000000000e+03 -3.784610331058502197e+00
1.130000000000000000e+03 -3.771816194057464600e+00
1.131000000000000000e+03 -3.758941590785980225e+00
1.132000000000000000e+03 -3.746187686920166016e+00
1.133000000000000000e+03 -3.733393549919128418e+00
1.134000000000000000e+03 -3.720639646053314209e+00
1.135000000000000000e+03 -3.707885742187500000e+00
1.136000000000000000e+03 -3.695212304592132568e+00
1.137000000000000000e+03 -3.682538866996765137e+00
1.138000000000000000e+03 -3.669865429401397705e+00
1.139000000000000000e+03 -3.657232224941253662e+00
1.140000000000000000e+03 -3.644639253616333008e+00
1.141000000000000000e+03 -3.632046282291412354e+00
1.142000000000000000e+03 -3.619493544101715088e+00
1.143000000000000000e+03 -3.606940805912017822e+00
1.144000000000000000e+03 -3.594428300857543945e+00
1.145000000000000000e+03 -3.581956028938293457e+00
1.146000000000000000e+03 -3.569523990154266357e+00
1.147000000000000000e+03 -3.557051718235015869e+00
1.148000000000000000e+03 -3.544619679450988770e+00
1.149000000000000000e+03 -3.532268106937408447e+00
1.150000000000000000e+03 -3.519916534423828125e+00
1.151000000000000000e+03 -3.507605195045471191e+00
1.152000000000000000e+03 -3.495253622531890869e+00
1.153000000000000000e+03 -3.482982516288757324e+00
1.154000000000000000e+03 -3.470751643180847168e+00
1.155000000000000000e+03 -3.458520770072937012e+00
1.156000000000000000e+03 -3.446330130100250244e+00
1.157000000000000000e+03 -3.434139490127563477e+00
1.158000000000000000e+03 -3.421989083290100098e+00
1.159000000000000000e+03 -3.409878909587860107e+00
1.160000000000000000e+03 -3.397768735885620117e+00
1.161000000000000000e+03 -3.385739028453826904e+00
1.162000000000000000e+03 -3.373669087886810303e+00
1.163000000000000000e+03 -3.361679613590240479e+00
1.164000000000000000e+03 -3.349690139293670654e+00
1.165000000000000000e+03 -3.337740898132324219e+00
1.166000000000000000e+03 -3.325791656970977783e+00
1.167000000000000000e+03 -3.313922882080078125e+00
1.168000000000000000e+03 -3.302054107189178467e+00
1.169000000000000000e+03 -3.290185332298278809e+00
1.170000000000000000e+03 -3.278397023677825928e+00
1.171000000000000000e+03 -3.266608715057373047e+00
1.172000000000000000e+03 -3.254860639572143555e+00
1.173000000000000000e+03 -3.243112564086914062e+00
1.174000000000000000e+03 -3.231444954872131348e+00
1.175000000000000000e+03 -3.219737112522125244e+00
1.176000000000000000e+03 -3.208149969577789307e+00
1.177000000000000000e+03 -3.196522593498229980e+00
1.178000000000000000e+03 -3.184975683689117432e+00
1.179000000000000000e+03 -3.173388540744781494e+00
1.180000000000000000e+03 -3.161881864070892334e+00
1.181000000000000000e+03 -3.150375187397003174e+00
1.182000000000000000e+03 -3.138908743858337402e+00
1.183000000000000000e+03 -3.127482533454895020e+00
1.184000000000000000e+03 -3.116056323051452637e+00
1.185000000000000000e+03 -3.104710578918457031e+00
1.186000000000000000e+03 -3.093405067920684814e+00
1.187000000000000000e+03 -3.082059323787689209e+00
1.188000000000000000e+03 -3.070753812789916992e+00
1.189000000000000000e+03 -3.059528768062591553e+00
1.190000000000000000e+03 -3.048303723335266113e+00
1.191000000000000000e+03 -3.037159144878387451e+00
1.192000000000000000e+03 -3.025974333286285400e+00
1.193000000000000000e+03 -3.014869987964630127e+00
1.194000000000000000e+03 -3.003765642642974854e+00
1.195000000000000000e+03 -2.992701530456542969e+00
1.196000000000000000e+03 -2.981677651405334473e+00
1.197000000000000000e+03 -2.970694005489349365e+00
1.198000000000000000e+03 -2.959710359573364258e+00
1.199000000000000000e+03 -2.948766946792602539e+00
1.200000000000000000e+03 -2.937904000282287598e+00
1.201000000000000000e+03 -2.927000820636749268e+00
1.202000000000000000e+03 -2.916178107261657715e+00
1.203000000000000000e+03 -2.905395627021789551e+00
1.204000000000000000e+03 -2.894613146781921387e+00
1.205000000000000000e+03 -2.883870899677276611e+00
1.206000000000000000e+03 -2.873128652572631836e+00
1.207000000000000000e+03 -2.862507104873657227e+00
1.208000000000000000e+03 -2.851805090904235840e+00
1.209000000000000000e+03 -2.841223776340484619e+00
1.210000000000000000e+03 -2.830642461776733398e+00
1.211000000000000000e+03 -2.820141613483428955e+00
1.212000000000000000e+03 -2.809560298919677734e+00
1.213000000000000000e+03 -2.799139916896820068e+00
1.214000000000000000e+03 -2.788679301738739014e+00
1.215000000000000000e+03 -2.778258919715881348e+00
1.216000000000000000e+03 -2.767919003963470459e+00
1.217000000000000000e+03 -2.757579088211059570e+00
1.218000000000000000e+03 -2.747239172458648682e+00
1.219000000000000000e+03 -2.736939489841461182e+00
1.220000000000000000e+03 -2.726720273494720459e+00
1.221000000000000000e+03 -2.716501057147979736e+00
1.222000000000000000e+03 -2.706322073936462402e+00
1.223000000000000000e+03 -2.696183323860168457e+00
1.224000000000000000e+03 -2.686084806919097900e+00
1.225000000000000000e+03 -2.675986289978027344e+00
1.226000000000000000e+03 -2.665968239307403564e+00
1.227000000000000000e+03 -2.655950188636779785e+00
1.228000000000000000e+03 -2.645972371101379395e+00
1.229000000000000000e+03 -2.636034786701202393e+00
1.230000000000000000e+03 -2.626137435436248779e+00
1.231000000000000000e+03 -2.616240084171295166e+00
1.232000000000000000e+03 -2.606463432312011719e+00
1.233000000000000000e+03 -2.596606314182281494e+00
1.234000000000000000e+03 -2.586869895458221436e+00
1.235000000000000000e+03 -2.577133476734161377e+00
1.236000000000000000e+03 -2.567437291145324707e+00
1.237000000000000000e+03 -2.557781338691711426e+00
1.238000000000000000e+03 -2.548165619373321533e+00
1.239000000000000000e+03 -2.538549900054931641e+00
1.240000000000000000e+03 -2.528974413871765137e+00
1.241000000000000000e+03 -2.519479393959045410e+00
1.242000000000000000e+03 -2.510024607181549072e+00
1.243000000000000000e+03 -2.500529587268829346e+00
1.244000000000000000e+03 -2.491115033626556396e+00
1.245000000000000000e+03 -2.481740713119506836e+00
1.246000000000000000e+03 -2.472406625747680664e+00
1.247000000000000000e+03 -2.463072538375854492e+00
1.248000000000000000e+03 -2.453818917274475098e+00
1.249000000000000000e+03 -2.444565296173095703e+00
1.250000000000000000e+03 -2.435351908206939697e+00
1.251000000000000000e+03 -2.426178753376007080e+00
1.252000000000000000e+03 -2.417086064815521240e+00
1.253000000000000000e+03 -2.407953143119812012e+00
1.254000000000000000e+03 -2.398860454559326172e+00
1.255000000000000000e+03 -2.389888465404510498e+00
1.256000000000000000e+03 -2.380836009979248047e+00
1.257000000000000000e+03 -2.371944487094879150e+00
1.258000000000000000e+03 -2.363012731075286865e+00
1.259000000000000000e+03 -2.354080975055694580e+00
1.260000000000000000e+03 -2.345269918441772461e+00
1.261000000000000000e+03 -2.336418628692626953e+00
1.262000000000000000e+03 -2.327647805213928223e+00
1.263000000000000000e+03 -2.318917214870452881e+00
1.264000000000000000e+03 -2.310186624526977539e+00
1.265000000000000000e+03 -2.301536500453948975e+00
1.266000000000000000e+03 -2.292886376380920410e+00
1.267000000000000000e+03 -2.284276485443115234e+00
1.268000000000000000e+03 -2.275706827640533447e+00
1.269000000000000000e+03 -2.267217636108398438e+00
1.270000000000000000e+03 -2.258688211441040039e+00
1.271000000000000000e+03 -2.250239253044128418e+00
1.272000000000000000e+03 -2.241830527782440186e+00
1.273000000000000000e+03 -2.233421802520751953e+00
1.274000000000000000e+03 -2.225053310394287109e+00
1.275000000000000000e+03 -2.216765284538269043e+00
1.276000000000000000e+03 -2.208477258682250977e+00
1.277000000000000000e+03 -2.200229465961456299e+00
1.278000000000000000e+03 -2.192021906375885010e+00
1.279000000000000000e+03 -2.183854579925537109e+00
1.280000000000000000e+03 -2.175687253475189209e+00
1.281000000000000000e+03 -2.167600393295288086e+00
1.282000000000000000e+03 -2.159513533115386963e+00
1.283000000000000000e+03 -2.151507139205932617e+00
1.284000000000000000e+03 -2.143500745296478271e+00
1.285000000000000000e+03 -2.135534584522247314e+00
1.286000000000000000e+03 -2.127608656883239746e+00
1.287000000000000000e+03 -2.119722962379455566e+00
1.288000000000000000e+03 -2.111837267875671387e+00
1.289000000000000000e+03 -2.104072272777557373e+00
1.290000000000000000e+03 -2.096267044544219971e+00
1.291000000000000000e+03 -2.088502049446105957e+00
1.292000000000000000e+03 -2.080817520618438721e+00
1.293000000000000000e+03 -2.073132991790771484e+00
1.294000000000000000e+03 -2.065488696098327637e+00
1.295000000000000000e+03 -2.057884633541107178e+00
1.296000000000000000e+03 -2.050280570983886719e+00
1.297000000000000000e+03 -2.042756974697113037e+00
1.298000000000000000e+03 -2.035273611545562744e+00
1.299000000000000000e+03 -2.027790248394012451e+00
1.300000000000000000e+03 -2.020347118377685547e+00
1.301000000000000000e+03 -2.012984454631805420e+00
1.302000000000000000e+03 -2.005621790885925293e+00
1.303000000000000000e+03 -1.998259127140045166e+00
1.304000000000000000e+03 -1.990976929664611816e+00
1.305000000000000000e+03 -1.983734965324401855e+00
1.306000000000000000e+03 -1.976493000984191895e+00
1.307000000000000000e+03 -1.969331502914428711e+00
1.308000000000000000e+03 -1.962170004844665527e+00
1.309000000000000000e+03 -1.955048739910125732e+00
1.310000000000000000e+03 -1.947927474975585938e+00
1.311000000000000000e+03 -1.940926909446716309e+00
1.312000000000000000e+03 -1.933886110782623291e+00
1.313000000000000000e+03 -1.926925778388977051e+00
1.314000000000000000e+03 -1.919965445995330811e+00
1.315000000000000000e+03 -1.913045346736907959e+00
1.316000000000000000e+03 -1.906165480613708496e+00
1.317000000000000000e+03 -1.899325847625732422e+00
1.318000000000000000e+03 -1.892526447772979736e+00
1.319000000000000000e+03 -1.885727047920227051e+00
1.320000000000000000e+03 -1.879008114337921143e+00
1.321000000000000000e+03 -1.872289180755615234e+00
1.322000000000000000e+03 -1.865610480308532715e+00
1.323000000000000000e+03 -1.858972012996673584e+00
1.324000000000000000e+03 -1.852373778820037842e+00
1.325000000000000000e+03 -1.845775544643402100e+00
1.326000000000000000e+03 -1.839217543601989746e+00
1.327000000000000000e+03 -1.832740008831024170e+00
1.328000000000000000e+03 -1.826262474060058594e+00
1.329000000000000000e+03 -1.819784939289093018e+00
1.330000000000000000e+03 -1.813428103923797607e+00
1.331000000000000000e+03 -1.806990802288055420e+00
1.332000000000000000e+03 -1.800714433193206787e+00
1.333000000000000000e+03 -1.794357597827911377e+00
1.334000000000000000e+03 -1.788081228733062744e+00
1.335000000000000000e+03 -1.781804859638214111e+00
1.336000000000000000e+03 -1.775649189949035645e+00
1.337000000000000000e+03 -1.769413053989410400e+00
1.338000000000000000e+03 -1.763297617435455322e+00
1.339000000000000000e+03 -1.757141947746276855e+00
1.340000000000000000e+03 -1.751106977462768555e+00
1.341000000000000000e+03 -1.745031774044036865e+00
1.342000000000000000e+03 -1.738996803760528564e+00
1.343000000000000000e+03 -1.733002066612243652e+00
1.344000000000000000e+03 -1.727047562599182129e+00
1.345000000000000000e+03 -1.721093058586120605e+00
1.346000000000000000e+03 -1.715219020843505859e+00
1.347000000000000000e+03 -1.709304749965667725e+00
1.348000000000000000e+03 -1.703511178493499756e+00
1.349000000000000000e+03 -1.697677373886108398e+00
1.350000000000000000e+03 -1.691924035549163818e+00
1.351000000000000000e+03 -1.686170697212219238e+00
1.352000000000000000e+03 -1.680417358875274658e+00
1.353000000000000000e+03 -1.674784719944000244e+00
1.354000000000000000e+03 -1.669071614742279053e+00
1.355000000000000000e+03 -1.663479208946228027e+00
1.356000000000000000e+03 -1.657886803150177002e+00
1.357000000000000000e+03 -1.652294397354125977e+00
1.358000000000000000e+03 -1.646742224693298340e+00
1.359000000000000000e+03 -1.641230285167694092e+00
1.360000000000000000e+03 -1.635758578777313232e+00
1.361000000000000000e+03 -1.630327105522155762e+00
1.362000000000000000e+03 -1.624895632266998291e+00
1.363000000000000000e+03 -1.619504392147064209e+00
1.364000000000000000e+03 -1.614153385162353516e+00
1.365000000000000000e+03 -1.608762145042419434e+00
1.366000000000000000e+03 -1.603491604328155518e+00
1.367000000000000000e+03 -1.598221063613891602e+00
1.368000000000000000e+03 -1.592910289764404297e+00
1.369000000000000000e+03 -1.587720215320587158e+00
1.370000000000000000e+03 -1.582530140876770020e+00
1.371000000000000000e+03 -1.577340066432952881e+00
1.372000000000000000e+03 -1.572149991989135742e+00
1.373000000000000000e+03 -1.567080616950988770e+00
1.374000000000000000e+03 -1.561971008777618408e+00
1.375000000000000000e+03 -1.556901633739471436e+00
1.376000000000000000e+03 -1.551872491836547852e+00
1.377000000000000000e+03 -1.546843349933624268e+00
1.378000000000000000e+03 -1.541854441165924072e+00
1.379000000000000000e+03 -1.536905765533447266e+00
1.380000000000000000e+03 -1.531957089900970459e+00
1.381000000000000000e+03 -1.527008414268493652e+00
1.382000000000000000e+03 -1.522140204906463623e+00
1.383000000000000000e+03 -1.517312228679656982e+00
1.384000000000000000e+03 -1.512444019317626953e+00
1.385000000000000000e+03 -1.507616043090820312e+00
1.386000000000000000e+03 -1.502828299999237061e+00
1.387000000000000000e+03 -1.498040556907653809e+00
1.388000000000000000e+03 -1.493333280086517334e+00
1.389000000000000000e+03 -1.488585770130157471e+00
1.390000000000000000e+03 -1.483918726444244385e+00
1.391000000000000000e+03 -1.479211449623107910e+00
1.392000000000000000e+03 -1.474584639072418213e+00
1.393000000000000000e+03 -1.469917595386505127e+00
1.394000000000000000e+03 -1.465331017971038818e+00
1.395000000000000000e+03 -1.460744440555572510e+00
1.396000000000000000e+03 -1.456198096275329590e+00
1.397000000000000000e+03 -1.451611518859863281e+00
1.398000000000000000e+03 -1.447145640850067139e+00
1.399000000000000000e+03 -1.442599296569824219e+00
1.400000000000000000e+03 -1.438133418560028076e+00
1.401000000000000000e+03 -1.433667540550231934e+00
1.402000000000000000e+03 -1.429241895675659180e+00
1.403000000000000000e+03 -1.424816250801086426e+00
1.404000000000000000e+03 -1.420430839061737061e+00
1.405000000000000000e+03 -1.416045427322387695e+00
1.406000000000000000e+03 -1.411660015583038330e+00
1.407000000000000000e+03 -1.407314836978912354e+00
1.408000000000000000e+03 -1.403009891510009766e+00
1.409000000000000000e+03 -1.398704946041107178e+00
1.410000000000000000e+03 -1.394440233707427979e+00
1.411000000000000000e+03 -1.390175521373748779e+00
1.412000000000000000e+03 -1.385870575904846191e+00
1.413000000000000000e+03 -1.381686329841613770e+00
1.414000000000000000e+03 -1.377421617507934570e+00
1.415000000000000000e+03 -1.373277604579925537e+00
1.416000000000000000e+03 -1.369053125381469727e+00
1.417000000000000000e+03 -1.364868879318237305e+00
1.418000000000000000e+03 -1.360765099525451660e+00
1.419000000000000000e+03 -1.356621086597442627e+00
1.420000000000000000e+03 -1.352477073669433594e+00
1.421000000000000000e+03 -1.348373293876647949e+00
1.422000000000000000e+03 -1.344269514083862305e+00
1.423000000000000000e+03 -1.340205967426300049e+00
1.424000000000000000e+03 -1.336142420768737793e+00
1.425000000000000000e+03 -1.332119107246398926e+00
1.426000000000000000e+03 -1.328095793724060059e+00
1.427000000000000000e+03 -1.324032247066497803e+00
1.428000000000000000e+03 -1.320049166679382324e+00
1.429000000000000000e+03 -1.316025853157043457e+00
1.430000000000000000e+03 -1.312042772769927979e+00
1.431000000000000000e+03 -1.308099925518035889e+00
1.432000000000000000e+03 -1.304116845130920410e+00
1.433000000000000000e+03 -1.300173997879028320e+00
1.434000000000000000e+03 -1.296231150627136230e+00
1.435000000000000000e+03 -1.292288303375244141e+00
1.436000000000000000e+03 -1.288385689258575439e+00
1.437000000000000000e+03 -1.284483075141906738e+00
1.438000000000000000e+03 -1.280580461025238037e+00
1.439000000000000000e+03 -1.276677846908569336e+00
1.440000000000000000e+03 -1.272775232791900635e+00
1.441000000000000000e+03 -1.268953084945678711e+00
1.442000000000000000e+03 -1.265050470829010010e+00
1.443000000000000000e+03 -1.261228322982788086e+00
1.444000000000000000e+03 -1.257365942001342773e+00
1.445000000000000000e+03 -1.253503561019897461e+00
1.446000000000000000e+03 -1.249681413173675537e+00
1.447000000000000000e+03 -1.245859265327453613e+00
1.448000000000000000e+03 -1.242037117481231689e+00
1.449000000000000000e+03 -1.238214969635009766e+00
1.450000000000000000e+03 -1.234392821788787842e+00
1.451000000000000000e+03 -1.230610907077789307e+00
1.452000000000000000e+03 -1.226788759231567383e+00
1.453000000000000000e+03 -1.223006844520568848e+00
1.454000000000000000e+03 -1.219184696674346924e+00
1.455000000000000000e+03 -1.215402781963348389e+00
1.456000000000000000e+03 -1.211620867252349854e+00
1.457000000000000000e+03 -1.207838952541351318e+00
1.458000000000000000e+03 -1.204016804695129395e+00
1.459000000000000000e+03 -1.200275123119354248e+00
1.460000000000000000e+03 -1.196493208408355713e+00
1.461000000000000000e+03 -1.192711293697357178e+00
1.462000000000000000e+03 -1.188929378986358643e+00
1.463000000000000000e+03 -1.185147464275360107e+00
1.464000000000000000e+03 -1.181365549564361572e+00
1.465000000000000000e+03 -1.177583634853363037e+00
1.466000000000000000e+03 -1.173801720142364502e+00
1.467000000000000000e+03 -1.170019805431365967e+00
1.468000000000000000e+03 -1.166237890720367432e+00
1.469000000000000000e+03 -1.162455976009368896e+00
1.470000000000000000e+03 -1.158633828163146973e+00
1.471000000000000000e+03 -1.154892146587371826e+00
1.472000000000000000e+03 -1.151069998741149902e+00
1.473000000000000000e+03 -1.147247850894927979e+00
1.474000000000000000e+03 -1.143465936183929443e+00
1.475000000000000000e+03 -1.139643788337707520e+00
1.476000000000000000e+03 -1.135861873626708984e+00
1.477000000000000000e+03 -1.131999492645263672e+00
1.478000000000000000e+03 -1.128177344799041748e+00
1.479000000000000000e+03 -1.124355196952819824e+00
1.480000000000000000e+03 -1.120533049106597900e+00
1.481000000000000000e+03 -1.116670668125152588e+00
1.482000000000000000e+03 -1.112808287143707275e+00
1.483000000000000000e+03 -1.108905673027038574e+00
1.484000000000000000e+03 -1.105083525180816650e+00
1.485000000000000000e+03 -1.101180911064147949e+00
1.486000000000000000e+03 -1.097278296947479248e+00
1.487000000000000000e+03 -1.093375682830810547e+00
1.488000000000000000e+03 -1.089473068714141846e+00
1.489000000000000000e+03 -1.085530221462249756e+00
1.490000000000000000e+03 -1.081587374210357666e+00
1.491000000000000000e+03 -1.077644526958465576e+00
1.492000000000000000e+03 -1.073701679706573486e+00
1.493000000000000000e+03 -1.069678366184234619e+00
1.494000000000000000e+03 -1.065735518932342529e+00
1.495000000000000000e+03 -1.061671972274780273e+00
1.496000000000000000e+03 -1.057688891887664795e+00
1.497000000000000000e+03 -1.053665578365325928e+00
1.498000000000000000e+03 -1.049561798572540283e+00
1.499000000000000000e+03 -1.045538485050201416e+00
1.500000000000000000e+03 -1.041434705257415771e+00
1.501000000000000000e+03 -1.037330925464630127e+00
1.502000000000000000e+03 -1.033227145671844482e+00
1.503000000000000000e+03 -1.029083132743835449e+00
1.504000000000000000e+03 -1.024898886680603027e+00
1.505000000000000000e+03 -1.020754873752593994e+00
1.506000000000000000e+03 -1.016530394554138184e+00
1.507000000000000000e+03 -1.012346148490905762e+00
1.508000000000000000e+03 -1.008081436157226562e+00
1.509000000000000000e+03 -1.003816723823547363e+00
1.510000000000000000e+03 -9.995520114898681641e-01
1.511000000000000000e+03 -9.952470660209655762e-01
1.512000000000000000e+03 -9.909018874168395996e-01
1.513000000000000000e+03 -9.865567088127136230e-01
1.514000000000000000e+03 -9.822115302085876465e-01
1.515000000000000000e+03 -9.777456521987915039e-01
1.516000000000000000e+03 -9.733602404594421387e-01
1.517000000000000000e+03 -9.688943624496459961e-01
1.518000000000000000e+03 -9.643882513046264648e-01
1.519000000000000000e+03 -9.599223732948303223e-01
1.520000000000000000e+03 -9.553760290145874023e-01
1.521000000000000000e+03 -9.507894515991210938e-01
1.522000000000000000e+03 -9.462028741836547852e-01
1.523000000000000000e+03 -9.416162967681884766e-01
1.524000000000000000e+03 -9.369090199470520020e-01
1.525000000000000000e+03 -9.322822093963623047e-01
1.526000000000000000e+03 -9.275346994400024414e-01
1.527000000000000000e+03 -9.227871894836425781e-01
1.528000000000000000e+03 -9.179994463920593262e-01
1.529000000000000000e+03 -9.132117033004760742e-01
1.530000000000000000e+03 -9.083837270736694336e-01
1.531000000000000000e+03 -9.034752845764160156e-01
1.532000000000000000e+03 -8.985668420791625977e-01
1.533000000000000000e+03 -8.936181664466857910e-01
1.534000000000000000e+03 -8.886292576789855957e-01
1.535000000000000000e+03 -8.836001157760620117e-01
1.536000000000000000e+03 -8.785709738731384277e-01
1.537000000000000000e+03 -8.734211325645446777e-01
1.538000000000000000e+03 -8.683517575263977051e-01
1.539000000000000000e+03 -8.631214499473571777e-01
1.540000000000000000e+03 -8.579313755035400391e-01
1.541000000000000000e+03 -8.526608347892761230e-01
1.542000000000000000e+03 -8.473902940750122070e-01
1.543000000000000000e+03 -8.420392870903015137e-01
1.544000000000000000e+03 -8.366480469703674316e-01
1.545000000000000000e+03 -8.312165737152099609e-01
1.546000000000000000e+03 -8.257851004600524902e-01
1.547000000000000000e+03 -8.202329277992248535e-01
1.548000000000000000e+03 -8.146807551383972168e-01
1.549000000000000000e+03 -8.090883493423461914e-01
1.550000000000000000e+03 -8.034557104110717773e-01
1.551000000000000000e+03 -7.977426052093505859e-01
1.552000000000000000e+03 -7.920295000076293945e-01
1.553000000000000000e+03 -7.861956954002380371e-01
1.554000000000000000e+03 -7.803618907928466797e-01
1.555000000000000000e+03 -7.744878530502319336e-01
1.556000000000000000e+03 -7.685333490371704102e-01
1.557000000000000000e+03 -7.625386118888854980e-01
1.558000000000000000e+03 -7.565036416053771973e-01
1.559000000000000000e+03 -7.503882050514221191e-01
1.560000000000000000e+03 -7.442727684974670410e-01
1.561000000000000000e+03 -7.380366325378417969e-01
1.562000000000000000e+03 -7.318004965782165527e-01
1.563000000000000000e+03 -7.254838943481445312e-01
1.564000000000000000e+03 -7.190868258476257324e-01
1.565000000000000000e+03 -7.126897573471069336e-01
1.566000000000000000e+03 -7.062122225761413574e-01
1.567000000000000000e+03 -6.996542215347290039e-01
1.568000000000000000e+03 -6.930559873580932617e-01
1.569000000000000000e+03 -6.863772869110107422e-01
1.570000000000000000e+03 -6.796583533287048340e-01
1.571000000000000000e+03 -6.728991866111755371e-01
1.572000000000000000e+03 -6.660595536231994629e-01
1.573000000000000000e+03 -6.591394543647766113e-01
1.574000000000000000e+03 -6.521791219711303711e-01
1.575000000000000000e+03 -6.450980901718139648e-01
1.576000000000000000e+03 -6.380170583724975586e-01
1.577000000000000000e+03 -6.308555603027343750e-01
1.578000000000000000e+03 -6.236538290977478027e-01
1.579000000000000000e+03 -6.163313984870910645e-01
1.580000000000000000e+03 -6.090089678764343262e-01
1.581000000000000000e+03 -6.015256047248840332e-01
1.582000000000000000e+03 -5.940422415733337402e-01
1.583000000000000000e+03 0.000000000000000000e+00
1.584000000000000000e+03 0.000000000000000000e+00
1.585000000000000000e+03 0.000000000000000000e+00
1.586000000000000000e+03 0.000000000000000000e+00
1.587000000000000000e+03 0.000000000000000000e+00
